0 0 0.00083203 0.0054512 0.00083203 0 0
0 0.039691 0.36782 0.58797 0.36782 0.039691 0
0.00083203 0.36782 0.95409 0.99994 0.95409 0.36782 0.00083203
0.0054512 0.58797 0.99994 1 0.99994 0.58797 0.0054512
0.00083203 0.36782 0.95409 0.99994 0.95409 0.36782 0.00083203
0 0.039691 0.36782 0.58797 0.36782 0.039691 0
0 0 0.00083203 0.0054512 0.00083203 0 0
