3.43177031166693e-32 2.04500862239971e-30 9.15847725757981e-29 3.08423118481272e-27 7.81485877980872e-26 1.49076446753476e-24 2.14229142207452e-23 2.32058875746764e-22 1.89597263897508e-21 1.16905332371306e-20 5.44305796606395e-20 1.91458002631516e-19 5.08994189621206e-19 1.02308829233933e-18 1.55520295878146e-18 1.78814997449431e-18 1.55520295878146e-18 1.02308829233933e-18 5.08994189621206e-19 1.91458002631516e-19 5.44305796606395e-20 1.16905332371306e-20 1.89597263897508e-21 2.32058875746764e-22 2.14229142207452e-23 1.49076446753476e-24 7.81485877980872e-26 3.08423118481272e-27 9.15847725757981e-29 2.04500862239971e-30 3.43177031166693e-32
2.04500862239971e-30 1.21863058593155e-28 5.45758114875262e-27 1.83790836612034e-25 4.65691236188302e-24 8.88353797954173e-23 1.27660187948515e-21 1.3828501289645e-20 1.12981931843062e-19 6.96644562402833e-19 3.24354471946446e-18 1.14090755106129e-17 3.03312113572402e-17 6.09663290167535e-17 9.26753008345944e-17 1.0655672681685e-16 9.26753008345944e-17 6.09663290167535e-17 3.03312113572402e-17 1.14090755106129e-17 3.24354471946446e-18 6.96644562402833e-19 1.12981931843062e-19 1.3828501289645e-20 1.27660187948515e-21 8.88353797954173e-23 4.65691236188302e-24 1.83790836612034e-25 5.45758114875262e-27 1.21863058593155e-28 2.04500862239971e-30
9.15847725757981e-29 5.45758114875262e-27 2.44415266932198e-25 8.23098826491833e-24 2.08557682787665e-22 3.97845171219905e-21 5.71720292627848e-20 6.19303083519579e-19 5.05984396333694e-18 3.11989069948084e-17 1.45260661602003e-16 5.10950210426721e-16 1.35836937980321e-15 2.7303490638727e-15 4.15042081356615e-15 4.77209410515394e-15 4.15042081356615e-15 2.7303490638727e-15 1.35836937980321e-15 5.10950210426721e-16 1.45260661602003e-16 3.11989069948084e-17 5.05984396333694e-18 6.19303083519579e-19 5.71720292627848e-20 3.97845171219905e-21 2.08557682787665e-22 8.23098826491833e-24 2.44415266932198e-25 5.45758114875262e-27 9.15847725757981e-29
3.08423118481272e-27 1.83790836612034e-25 8.23098826491833e-24 2.77188772483747e-22 7.02343949758277e-21 1.3397931220368e-19 1.92533923044215e-18 2.08558019998459e-17 1.70396541948002e-16 1.05066201704898e-15 4.89183354218229e-15 1.72068841638545e-14 4.57447792231661e-14 9.19479023791964e-14 1.39770585691002e-13 1.60706207397037e-13 1.39770585691002e-13 9.19479023791964e-14 4.57447792231661e-14 1.72068841638545e-14 4.89183354218229e-15 1.05066201704898e-15 1.70396541948002e-16 2.08558019998459e-17 1.92533923044215e-18 1.3397931220368e-19 7.02343949758277e-21 2.77188772483747e-22 8.23098826491833e-24 1.83790836612034e-25 3.08423118481272e-27
7.81485877980872e-26 4.65691236188302e-24 2.08557682787665e-22 7.02343949758277e-21 1.77960679771393e-19 3.39478249699118e-18 4.87844564415965e-17 5.28446596905623e-16 4.3175262556469e-15 2.66217893424397e-14 1.23949814445597e-13 4.35989916849295e-13 1.15908622966692e-12 2.32978602814008e-12 3.54152241934697e-12 4.07199149671642e-12 3.54152241934697e-12 2.32978602814008e-12 1.15908622966692e-12 4.35989916849295e-13 1.23949814445597e-13 2.66217893424397e-14 4.3175262556469e-15 5.28446596905623e-16 4.87844564415965e-17 3.39478249699118e-18 1.77960679771393e-19 7.02343949758277e-21 2.08557682787665e-22 4.65691236188302e-24 7.81485877980872e-26
1.49076446753476e-24 8.88353797954173e-23 3.97845171219905e-21 1.3397931220368e-19 3.39478249699118e-18 6.47589580837859e-17 9.30613543766552e-16 1.00806608520167e-14 8.23612417181049e-14 5.07837937090349e-13 2.36446984314598e-12 8.31695484916072e-12 2.21107586801277e-11 4.44430580970163e-11 6.75581726106308e-11 7.76774143519086e-11 6.75581726106308e-11 4.44430580970163e-11 2.21107586801277e-11 8.31695484916072e-12 2.36446984314598e-12 5.07837937090349e-13 8.23612417181049e-14 1.00806608520167e-14 9.30613543766552e-16 6.47589580837859e-17 3.39478249699118e-18 1.3397931220368e-19 3.97845171219905e-21 8.88353797954173e-23 1.49076446753476e-24
2.14229142207452e-23 1.27660187948515e-21 5.71720292627848e-20 1.92533923044215e-18 4.87844564415965e-17 9.30613543766552e-16 1.33733091678412e-14 1.44863348586716e-13 1.18356578444534e-12 7.29784536810009e-12 3.39784290076488e-11 1.19518149373403e-10 3.17740928815725e-10 6.38665491467233e-10 9.70839437259457e-10 1.11625720949874e-09 9.70839437259457e-10 6.38665491467233e-10 3.17740928815725e-10 1.19518149373403e-10 3.39784290076488e-11 7.29784536810009e-12 1.18356578444534e-12 1.44863348586716e-13 1.33733091678412e-14 9.30613543766552e-16 4.87844564415965e-17 1.92533923044215e-18 5.71720292627848e-20 1.27660187948515e-21 2.14229142207452e-23
2.32058875746764e-22 1.3828501289645e-20 6.19303083519579e-19 2.08558019998459e-17 5.28446596905623e-16 1.00806608520167e-14 1.44863348586716e-13 1.5691994778839e-12 1.28207088205e-11 7.90522603061671e-11 3.68063651560565e-10 1.2946533365693e-09 3.44185678754703e-09 6.91819956897466e-09 1.05163987504037e-08 1.20916038971791e-08 1.05163987504037e-08 6.91819956897466e-09 3.44185678754703e-09 1.2946533365693e-09 3.68063651560565e-10 7.90522603061671e-11 1.28207088205e-11 1.5691994778839e-12 1.44863348586716e-13 1.00806608520167e-14 5.28446596905623e-16 2.08558019998459e-17 6.19303083519579e-19 1.3828501289645e-20 2.32058875746764e-22
1.89597263897508e-21 1.12981931843062e-19 5.05984396333694e-18 1.70396541948002e-16 4.3175262556469e-15 8.23612417181049e-14 1.18356578444534e-12 1.28207088205e-11 1.04748043175304e-10 6.45874552771631e-10 3.00716191317591e-09 1.05776057700625e-08 2.81207356342665e-08 5.65232295103372e-08 8.59213172827553e-08 9.8791093754128e-08 8.59213172827553e-08 5.65232295103372e-08 2.81207356342665e-08 1.05776057700625e-08 3.00716191317591e-09 6.45874552771631e-10 1.04748043175304e-10 1.28207088205e-11 1.18356578444534e-12 8.23612417181049e-14 4.3175262556469e-15 1.70396541948002e-16 5.05984396333694e-18 1.12981931843062e-19 1.89597263897508e-21
1.16905332371306e-20 6.96644562402833e-19 3.11989069948084e-17 1.05066201704898e-15 2.66217893424397e-14 5.07837937090349e-13 7.29784536810009e-12 7.90522603061671e-11 6.45874552771631e-10 3.98245089141966e-09 1.85421063430642e-08 6.52213271869929e-08 1.73391950826182e-07 3.48521217910488e-07 5.29789299077165e-07 6.09144109637278e-07 5.29789299077165e-07 3.48521217910488e-07 1.73391950826182e-07 6.52213271869929e-08 1.85421063430642e-08 3.98245089141966e-09 6.45874552771631e-10 7.90522603061671e-11 7.29784536810009e-12 5.07837937090349e-13 2.66217893424397e-14 1.05066201704898e-15 3.11989069948084e-17 6.96644562402833e-19 1.16905332371306e-20
5.44305796606395e-20 3.24354471946446e-18 1.45260661602003e-16 4.89183354218229e-15 1.23949814445597e-13 2.36446984314598e-12 3.39784290076488e-11 3.68063651560565e-10 3.00716191317591e-09 1.85421063430642e-08 8.63311857475139e-08 3.0366746948282e-07 8.07304868009142e-07 1.62269859980793e-06 2.46667436479158e-06 2.83614667627934e-06 2.46667436479158e-06 1.62269859980793e-06 8.07304868009142e-07 3.0366746948282e-07 8.63311857475139e-08 1.85421063430642e-08 3.00716191317591e-09 3.68063651560565e-10 3.39784290076488e-11 2.36446984314598e-12 1.23949814445597e-13 4.89183354218229e-15 1.45260661602003e-16 3.24354471946446e-18 5.44305796606395e-20
1.91458002631516e-19 1.14090755106129e-17 5.10950210426721e-16 1.72068841638545e-14 4.35989916849295e-13 8.31695484916072e-12 1.19518149373403e-10 1.2946533365693e-09 1.05776057700625e-08 6.52213271869929e-08 3.0366746948282e-07 1.06814161329592e-06 2.83967171592518e-06 5.70779577820382e-06 8.6764563223432e-06 9.97606457979943e-06 8.6764563223432e-06 5.70779577820382e-06 2.83967171592518e-06 1.06814161329592e-06 3.0366746948282e-07 6.52213271869929e-08 1.05776057700625e-08 1.2946533365693e-09 1.19518149373403e-10 8.31695484916072e-12 4.35989916849295e-13 1.72068841638545e-14 5.10950210426721e-16 1.14090755106129e-17 1.91458002631516e-19
5.08994189621206e-19 3.03312113572402e-17 1.35836937980321e-15 4.57447792231661e-14 1.15908622966692e-12 2.21107586801277e-11 3.17740928815725e-10 3.44185678754703e-09 2.81207356342665e-08 1.73391950826182e-07 8.07304868009142e-07 2.83967171592518e-06 7.54931308157118e-06 1.51742671850686e-05 2.30664991479854e-05 2.65215286726697e-05 2.30664991479854e-05 1.51742671850686e-05 7.54931308157118e-06 2.83967171592518e-06 8.07304868009142e-07 1.73391950826182e-07 2.81207356342665e-08 3.44185678754703e-09 3.17740928815725e-10 2.21107586801277e-11 1.15908622966692e-12 4.57447792231661e-14 1.35836937980321e-15 3.03312113572402e-17 5.08994189621206e-19
1.02308829233933e-18 6.09663290167535e-17 2.7303490638727e-15 9.19479023791964e-14 2.32978602814008e-12 4.44430580970163e-11 6.38665491467233e-10 6.91819956897466e-09 5.65232295103372e-08 3.48521217910488e-07 1.62269859980793e-06 5.70779577820382e-06 1.51742671850686e-05 3.05005743060172e-05 4.63641151603745e-05 5.3308792189049e-05 4.63641151603745e-05 3.05005743060172e-05 1.51742671850686e-05 5.70779577820382e-06 1.62269859980793e-06 3.48521217910488e-07 5.65232295103372e-08 6.91819956897466e-09 6.38665491467233e-10 4.44430580970163e-11 2.32978602814008e-12 9.19479023791964e-14 2.7303490638727e-15 6.09663290167535e-17 1.02308829233933e-18
1.55520295878146e-18 9.26753008345944e-17 4.15042081356615e-15 1.39770585691002e-13 3.54152241934697e-12 6.75581726106308e-11 9.70839437259457e-10 1.05163987504037e-08 8.59213172827553e-08 5.29789299077165e-07 2.46667436479158e-06 8.6764563223432e-06 2.30664991479854e-05 4.63641151603745e-05 7.04783835555644e-05 8.10350308592695e-05 7.04783835555644e-05 4.63641151603745e-05 2.30664991479854e-05 8.6764563223432e-06 2.46667436479158e-06 5.29789299077165e-07 8.59213172827553e-08 1.05163987504037e-08 9.70839437259457e-10 6.75581726106308e-11 3.54152241934697e-12 1.39770585691002e-13 4.15042081356615e-15 9.26753008345944e-17 1.55520295878146e-18
1.78814997449431e-18 1.0655672681685e-16 4.77209410515394e-15 1.60706207397037e-13 4.07199149671642e-12 7.76774143519086e-11 1.11625720949874e-09 1.20916038971791e-08 9.8791093754128e-08 6.09144109637278e-07 2.83614667627934e-06 9.97606457979943e-06 2.65215286726697e-05 5.3308792189049e-05 8.10350308592695e-05 9.31729119636471e-05 8.10350308592695e-05 5.3308792189049e-05 2.65215286726697e-05 9.97606457979943e-06 2.83614667627934e-06 6.09144109637278e-07 9.8791093754128e-08 1.20916038971791e-08 1.11625720949874e-09 7.76774143519086e-11 4.07199149671642e-12 1.60706207397037e-13 4.77209410515394e-15 1.0655672681685e-16 1.78814997449431e-18
1.55520295878146e-18 9.26753008345944e-17 4.15042081356615e-15 1.39770585691002e-13 3.54152241934697e-12 6.75581726106308e-11 9.70839437259457e-10 1.05163987504037e-08 8.59213172827553e-08 5.29789299077165e-07 2.46667436479158e-06 8.6764563223432e-06 2.30664991479854e-05 4.63641151603745e-05 7.04783835555644e-05 8.10350308592695e-05 7.04783835555644e-05 4.63641151603745e-05 2.30664991479854e-05 8.6764563223432e-06 2.46667436479158e-06 5.29789299077165e-07 8.59213172827553e-08 1.05163987504037e-08 9.70839437259457e-10 6.75581726106308e-11 3.54152241934697e-12 1.39770585691002e-13 4.15042081356615e-15 9.26753008345944e-17 1.55520295878146e-18
1.02308829233933e-18 6.09663290167535e-17 2.7303490638727e-15 9.19479023791964e-14 2.32978602814008e-12 4.44430580970163e-11 6.38665491467233e-10 6.91819956897466e-09 5.65232295103372e-08 3.48521217910488e-07 1.62269859980793e-06 5.70779577820382e-06 1.51742671850686e-05 3.05005743060172e-05 4.63641151603745e-05 5.3308792189049e-05 4.63641151603745e-05 3.05005743060172e-05 1.51742671850686e-05 5.70779577820382e-06 1.62269859980793e-06 3.48521217910488e-07 5.65232295103372e-08 6.91819956897466e-09 6.38665491467233e-10 4.44430580970163e-11 2.32978602814008e-12 9.19479023791964e-14 2.7303490638727e-15 6.09663290167535e-17 1.02308829233933e-18
5.08994189621206e-19 3.03312113572402e-17 1.35836937980321e-15 4.57447792231661e-14 1.15908622966692e-12 2.21107586801277e-11 3.17740928815725e-10 3.44185678754703e-09 2.81207356342665e-08 1.73391950826182e-07 8.07304868009142e-07 2.83967171592518e-06 7.54931308157118e-06 1.51742671850686e-05 2.30664991479854e-05 2.65215286726697e-05 2.30664991479854e-05 1.51742671850686e-05 7.54931308157118e-06 2.83967171592518e-06 8.07304868009142e-07 1.73391950826182e-07 2.81207356342665e-08 3.44185678754703e-09 3.17740928815725e-10 2.21107586801277e-11 1.15908622966692e-12 4.57447792231661e-14 1.35836937980321e-15 3.03312113572402e-17 5.08994189621206e-19
1.91458002631516e-19 1.14090755106129e-17 5.10950210426721e-16 1.72068841638545e-14 4.35989916849295e-13 8.31695484916072e-12 1.19518149373403e-10 1.2946533365693e-09 1.05776057700625e-08 6.52213271869929e-08 3.0366746948282e-07 1.06814161329592e-06 2.83967171592518e-06 5.70779577820382e-06 8.6764563223432e-06 9.97606457979943e-06 8.6764563223432e-06 5.70779577820382e-06 2.83967171592518e-06 1.06814161329592e-06 3.0366746948282e-07 6.52213271869929e-08 1.05776057700625e-08 1.2946533365693e-09 1.19518149373403e-10 8.31695484916072e-12 4.35989916849295e-13 1.72068841638545e-14 5.10950210426721e-16 1.14090755106129e-17 1.91458002631516e-19
5.44305796606395e-20 3.24354471946446e-18 1.45260661602003e-16 4.89183354218229e-15 1.23949814445597e-13 2.36446984314598e-12 3.39784290076488e-11 3.68063651560565e-10 3.00716191317591e-09 1.85421063430642e-08 8.63311857475139e-08 3.0366746948282e-07 8.07304868009142e-07 1.62269859980793e-06 2.46667436479158e-06 2.83614667627934e-06 2.46667436479158e-06 1.62269859980793e-06 8.07304868009142e-07 3.0366746948282e-07 8.63311857475139e-08 1.85421063430642e-08 3.00716191317591e-09 3.68063651560565e-10 3.39784290076488e-11 2.36446984314598e-12 1.23949814445597e-13 4.89183354218229e-15 1.45260661602003e-16 3.24354471946446e-18 5.44305796606395e-20
1.16905332371306e-20 6.96644562402833e-19 3.11989069948084e-17 1.05066201704898e-15 2.66217893424397e-14 5.07837937090349e-13 7.29784536810009e-12 7.90522603061671e-11 6.45874552771631e-10 3.98245089141966e-09 1.85421063430642e-08 6.52213271869929e-08 1.73391950826182e-07 3.48521217910488e-07 5.29789299077165e-07 6.09144109637278e-07 5.29789299077165e-07 3.48521217910488e-07 1.73391950826182e-07 6.52213271869929e-08 1.85421063430642e-08 3.98245089141966e-09 6.45874552771631e-10 7.90522603061671e-11 7.29784536810009e-12 5.07837937090349e-13 2.66217893424397e-14 1.05066201704898e-15 3.11989069948084e-17 6.96644562402833e-19 1.16905332371306e-20
1.89597263897508e-21 1.12981931843062e-19 5.05984396333694e-18 1.70396541948002e-16 4.3175262556469e-15 8.23612417181049e-14 1.18356578444534e-12 1.28207088205e-11 1.04748043175304e-10 6.45874552771631e-10 3.00716191317591e-09 1.05776057700625e-08 2.81207356342665e-08 5.65232295103372e-08 8.59213172827553e-08 9.8791093754128e-08 8.59213172827553e-08 5.65232295103372e-08 2.81207356342665e-08 1.05776057700625e-08 3.00716191317591e-09 6.45874552771631e-10 1.04748043175304e-10 1.28207088205e-11 1.18356578444534e-12 8.23612417181049e-14 4.3175262556469e-15 1.70396541948002e-16 5.05984396333694e-18 1.12981931843062e-19 1.89597263897508e-21
2.32058875746764e-22 1.3828501289645e-20 6.19303083519579e-19 2.08558019998459e-17 5.28446596905623e-16 1.00806608520167e-14 1.44863348586716e-13 1.5691994778839e-12 1.28207088205e-11 7.90522603061671e-11 3.68063651560565e-10 1.2946533365693e-09 3.44185678754703e-09 6.91819956897466e-09 1.05163987504037e-08 1.20916038971791e-08 1.05163987504037e-08 6.91819956897466e-09 3.44185678754703e-09 1.2946533365693e-09 3.68063651560565e-10 7.90522603061671e-11 1.28207088205e-11 1.5691994778839e-12 1.44863348586716e-13 1.00806608520167e-14 5.28446596905623e-16 2.08558019998459e-17 6.19303083519579e-19 1.3828501289645e-20 2.32058875746764e-22
2.14229142207452e-23 1.27660187948515e-21 5.71720292627848e-20 1.92533923044215e-18 4.87844564415965e-17 9.30613543766552e-16 1.33733091678412e-14 1.44863348586716e-13 1.18356578444534e-12 7.29784536810009e-12 3.39784290076488e-11 1.19518149373403e-10 3.17740928815725e-10 6.38665491467233e-10 9.70839437259457e-10 1.11625720949874e-09 9.70839437259457e-10 6.38665491467233e-10 3.17740928815725e-10 1.19518149373403e-10 3.39784290076488e-11 7.29784536810009e-12 1.18356578444534e-12 1.44863348586716e-13 1.33733091678412e-14 9.30613543766552e-16 4.87844564415965e-17 1.92533923044215e-18 5.71720292627848e-20 1.27660187948515e-21 2.14229142207452e-23
1.49076446753476e-24 8.88353797954173e-23 3.97845171219905e-21 1.3397931220368e-19 3.39478249699118e-18 6.47589580837859e-17 9.30613543766552e-16 1.00806608520167e-14 8.23612417181049e-14 5.07837937090349e-13 2.36446984314598e-12 8.31695484916072e-12 2.21107586801277e-11 4.44430580970163e-11 6.75581726106308e-11 7.76774143519086e-11 6.75581726106308e-11 4.44430580970163e-11 2.21107586801277e-11 8.31695484916072e-12 2.36446984314598e-12 5.07837937090349e-13 8.23612417181049e-14 1.00806608520167e-14 9.30613543766552e-16 6.47589580837859e-17 3.39478249699118e-18 1.3397931220368e-19 3.97845171219905e-21 8.88353797954173e-23 1.49076446753476e-24
7.81485877980872e-26 4.65691236188302e-24 2.08557682787665e-22 7.02343949758277e-21 1.77960679771393e-19 3.39478249699118e-18 4.87844564415965e-17 5.28446596905623e-16 4.3175262556469e-15 2.66217893424397e-14 1.23949814445597e-13 4.35989916849295e-13 1.15908622966692e-12 2.32978602814008e-12 3.54152241934697e-12 4.07199149671642e-12 3.54152241934697e-12 2.32978602814008e-12 1.15908622966692e-12 4.35989916849295e-13 1.23949814445597e-13 2.66217893424397e-14 4.3175262556469e-15 5.28446596905623e-16 4.87844564415965e-17 3.39478249699118e-18 1.77960679771393e-19 7.02343949758277e-21 2.08557682787665e-22 4.65691236188302e-24 7.81485877980872e-26
3.08423118481272e-27 1.83790836612034e-25 8.23098826491833e-24 2.77188772483747e-22 7.02343949758277e-21 1.3397931220368e-19 1.92533923044215e-18 2.08558019998459e-17 1.70396541948002e-16 1.05066201704898e-15 4.89183354218229e-15 1.72068841638545e-14 4.57447792231661e-14 9.19479023791964e-14 1.39770585691002e-13 1.60706207397037e-13 1.39770585691002e-13 9.19479023791964e-14 4.57447792231661e-14 1.72068841638545e-14 4.89183354218229e-15 1.05066201704898e-15 1.70396541948002e-16 2.08558019998459e-17 1.92533923044215e-18 1.3397931220368e-19 7.02343949758277e-21 2.77188772483747e-22 8.23098826491833e-24 1.83790836612034e-25 3.08423118481272e-27
9.15847725757981e-29 5.45758114875262e-27 2.44415266932198e-25 8.23098826491833e-24 2.08557682787665e-22 3.97845171219905e-21 5.71720292627848e-20 6.19303083519579e-19 5.05984396333694e-18 3.11989069948084e-17 1.45260661602003e-16 5.10950210426721e-16 1.35836937980321e-15 2.7303490638727e-15 4.15042081356615e-15 4.77209410515394e-15 4.15042081356615e-15 2.7303490638727e-15 1.35836937980321e-15 5.10950210426721e-16 1.45260661602003e-16 3.11989069948084e-17 5.05984396333694e-18 6.19303083519579e-19 5.71720292627848e-20 3.97845171219905e-21 2.08557682787665e-22 8.23098826491833e-24 2.44415266932198e-25 5.45758114875262e-27 9.15847725757981e-29
2.04500862239971e-30 1.21863058593155e-28 5.45758114875262e-27 1.83790836612034e-25 4.65691236188302e-24 8.88353797954173e-23 1.27660187948515e-21 1.3828501289645e-20 1.12981931843062e-19 6.96644562402833e-19 3.24354471946446e-18 1.14090755106129e-17 3.03312113572402e-17 6.09663290167535e-17 9.26753008345944e-17 1.0655672681685e-16 9.26753008345944e-17 6.09663290167535e-17 3.03312113572402e-17 1.14090755106129e-17 3.24354471946446e-18 6.96644562402833e-19 1.12981931843062e-19 1.3828501289645e-20 1.27660187948515e-21 8.88353797954173e-23 4.65691236188302e-24 1.83790836612034e-25 5.45758114875262e-27 1.21863058593155e-28 2.04500862239971e-30
3.43177031166693e-32 2.04500862239971e-30 9.15847725757981e-29 3.08423118481272e-27 7.81485877980872e-26 1.49076446753476e-24 2.14229142207452e-23 2.32058875746764e-22 1.89597263897508e-21 1.16905332371306e-20 5.44305796606395e-20 1.91458002631516e-19 5.08994189621206e-19 1.02308829233933e-18 1.55520295878146e-18 1.78814997449431e-18 1.55520295878146e-18 1.02308829233933e-18 5.08994189621206e-19 1.91458002631516e-19 5.44305796606395e-20 1.16905332371306e-20 1.89597263897508e-21 2.32058875746764e-22 2.14229142207452e-23 1.49076446753476e-24 7.81485877980872e-26 3.08423118481272e-27 9.15847725757981e-29 2.04500862239971e-30 3.43177031166693e-32
