1.17099481305316e-27 7.9773553738413e-27 5.05451481664839e-26 2.97865737563091e-25 1.63262357362321e-24 8.32299848690741e-24 3.94644008966036e-23 1.74047088852892e-22 7.13948781425969e-22 2.72401671931874e-21 9.66714317267627e-21 3.19106257957061e-20 9.79770279536496e-20 2.79812948352325e-19 7.43307723372654e-19 1.83666226526321e-18 4.22135763920632e-18 9.02483720437146e-18 1.79470476108407e-17 3.31982285141564e-17 5.71224369171546e-17 9.14260472831243e-17 1.36114957029842e-16 1.88501817679908e-16 2.42828647118384e-16 2.90977686630412e-16 3.24336140963954e-16 3.36284768862857e-16 3.24336140963954e-16 2.90977686630412e-16 2.42828647118384e-16 1.88501817679908e-16 1.36114957029842e-16 9.14260472831243e-17 5.71224369171546e-17 3.31982285141564e-17 1.79470476108407e-17 9.02483720437146e-18 4.22135763920632e-18 1.83666226526321e-18 7.43307723372654e-19 2.79812948352325e-19 9.79770279536496e-20 3.19106257957061e-20 9.66714317267627e-21 2.72401671931874e-21 7.13948781425969e-22 1.74047088852892e-22 3.94644008966036e-23 8.32299848690741e-24 1.63262357362321e-24 2.97865737563091e-25 5.05451481664839e-26 7.9773553738413e-27 1.17099481305316e-27
7.9773553738413e-27 5.43454147287204e-26 3.44336802223904e-25 2.02919843516356e-24 1.11221828596706e-23 5.67000946254314e-23 2.68849654207354e-22 1.18568883831513e-21 4.86374754582053e-21 1.85572550553256e-20 6.58570265885038e-20 2.17389863162833e-19 6.67464588012278e-19 1.90621453001044e-18 5.06375416472094e-18 1.2512188293582e-17 2.87578302419856e-17 6.14813428443999e-17 1.22263544728807e-16 2.26161605232826e-16 3.89144319025506e-16 6.2283629395546e-16 9.27277705945644e-16 1.28416110087363e-15 1.65426045565627e-15 1.98227386341432e-15 2.20952700063948e-15 2.29092655076287e-15 2.20952700063948e-15 1.98227386341432e-15 1.65426045565627e-15 1.28416110087363e-15 9.27277705945644e-16 6.2283629395546e-16 3.89144319025506e-16 2.26161605232826e-16 1.22263544728807e-16 6.14813428443999e-17 2.87578302419856e-17 1.2512188293582e-17 5.06375416472094e-18 1.90621453001044e-18 6.67464588012278e-19 2.17389863162833e-19 6.58570265885038e-20 1.85572550553256e-20 4.86374754582053e-21 1.18568883831513e-21 2.68849654207354e-22 5.67000946254314e-23 1.11221828596706e-23 2.02919843516356e-24 3.44336802223904e-25 5.43454147287204e-26 7.9773553738413e-27
5.05451481664839e-26 3.44336802223904e-25 2.18174493575303e-24 1.28571601436819e-23 7.04710213136812e-23 3.59256238388697e-22 1.70345245630886e-21 7.51261730278492e-21 3.08170852152339e-20 1.1758022080982e-19 4.17275276169264e-19 1.37739919165292e-18 4.22910788299462e-18 1.20779244926739e-17 3.20843428103698e-17 7.92782045613588e-17 1.82211863758029e-16 3.89550601410428e-16 7.74671390965163e-16 1.43297763611583e-15 2.46564887002375e-15 3.94633951806554e-15 5.87530413803429e-15 8.13654526738703e-15 1.04815237530077e-14 1.25598423835266e-14 1.39997360517978e-14 1.45154899738511e-14 1.39997360517978e-14 1.25598423835266e-14 1.04815237530077e-14 8.13654526738703e-15 5.87530413803429e-15 3.94633951806554e-15 2.46564887002375e-15 1.43297763611583e-15 7.74671390965163e-16 3.89550601410428e-16 1.82211863758029e-16 7.92782045613588e-17 3.20843428103698e-17 1.20779244926739e-17 4.22910788299462e-18 1.37739919165292e-18 4.17275276169264e-19 1.1758022080982e-19 3.08170852152339e-20 7.51261730278492e-21 1.70345245630886e-21 3.59256238388697e-22 7.04710213136812e-23 1.28571601436819e-23 2.18174493575303e-24 3.44336802223904e-25 5.05451481664839e-26
2.97865737563091e-25 2.02919843516356e-24 1.28571601436819e-23 7.57680534746963e-23 4.15290161407478e-22 2.11711961095306e-21 1.00385524765076e-20 4.42723263279918e-20 1.81607021646185e-19 6.9290763732634e-19 2.45902945013855e-18 8.11710007831286e-18 2.49223987760981e-17 7.11759687674076e-17 1.89075050368037e-16 4.67191446280203e-16 1.07378597471438e-15 2.29564619783237e-15 4.56518723575275e-15 8.44462734755793e-15 1.45302238866167e-14 2.32560270147238e-14 3.4623536856966e-14 4.79491730700432e-14 6.17682787908993e-14 7.40159412120596e-14 8.25013251721455e-14 8.55406954770352e-14 8.25013251721455e-14 7.40159412120596e-14 6.17682787908993e-14 4.79491730700432e-14 3.4623536856966e-14 2.32560270147238e-14 1.45302238866167e-14 8.44462734755793e-15 4.56518723575275e-15 2.29564619783237e-15 1.07378597471438e-15 4.67191446280203e-16 1.89075050368037e-16 7.11759687674076e-17 2.49223987760981e-17 8.11710007831286e-18 2.45902945013855e-18 6.9290763732634e-19 1.81607021646185e-19 4.42723263279918e-20 1.00385524765076e-20 2.11711961095306e-21 4.15290161407478e-22 7.57680534746963e-23 1.28571601436819e-23 2.02919843516356e-24 2.97865737563091e-25
1.63262357362321e-24 1.11221828596706e-23 7.04710213136812e-23 4.15290161407478e-22 2.27623530304162e-21 1.16040851603144e-20 5.50220295636672e-20 2.42659811140277e-19 9.95401173363425e-19 3.79787669537835e-18 1.34781176290193e-17 4.44904104974661e-17 1.36601463753372e-16 3.90120614192917e-16 1.03633397698005e-15 2.56070998575533e-15 5.88549831104143e-15 1.25826022487255e-14 2.50221202346748e-14 4.62856110638309e-14 7.96412042599863e-14 1.27467960040266e-13 1.89774100698379e-13 2.62812873109687e-13 3.38556387455584e-13 4.05686707827963e-13 4.52195708822233e-13 4.6885471649908e-13 4.52195708822233e-13 4.05686707827963e-13 3.38556387455584e-13 2.62812873109687e-13 1.89774100698379e-13 1.27467960040266e-13 7.96412042599863e-14 4.62856110638309e-14 2.50221202346748e-14 1.25826022487255e-14 5.88549831104143e-15 2.56070998575533e-15 1.03633397698005e-15 3.90120614192917e-16 1.36601463753372e-16 4.44904104974661e-17 1.34781176290193e-17 3.79787669537835e-18 9.95401173363425e-19 2.42659811140277e-19 5.50220295636672e-20 1.16040851603144e-20 2.27623530304162e-21 4.15290161407478e-22 7.04710213136812e-23 1.11221828596706e-23 1.63262357362321e-24
8.32299848690741e-24 5.67000946254314e-23 3.59256238388697e-22 2.11711961095306e-21 1.16040851603144e-20 5.91567981692827e-20 2.80498380768e-19 1.23706240286095e-18 5.07448415765779e-18 1.93613044058556e-17 6.87104819782399e-17 2.26808938223599e-16 6.96384515388018e-16 1.98880705515795e-15 5.28315666984625e-15 1.305431679487e-14 3.0003850445932e-14 6.41452084665717e-14 1.27560983570899e-13 2.35960742619263e-13 4.06005176735447e-13 6.49822565154967e-13 9.67454824544477e-13 1.33980127481397e-12 1.72593630647647e-12 2.06816188983306e-12 2.30526145837831e-12 2.39018789085661e-12 2.30526145837831e-12 2.06816188983306e-12 1.72593630647647e-12 1.33980127481397e-12 9.67454824544477e-13 6.49822565154967e-13 4.06005176735447e-13 2.35960742619263e-13 1.27560983570899e-13 6.41452084665717e-14 3.0003850445932e-14 1.305431679487e-14 5.28315666984625e-15 1.98880705515795e-15 6.96384515388018e-16 2.26808938223599e-16 6.87104819782399e-17 1.93613044058556e-17 5.07448415765779e-18 1.23706240286095e-18 2.80498380768e-19 5.91567981692827e-20 1.16040851603144e-20 2.11711961095306e-21 3.59256238388697e-22 5.67000946254314e-23 8.32299848690741e-24
3.94644008966036e-23 2.68849654207354e-22 1.70345245630886e-21 1.00385524765076e-20 5.50220295636672e-20 2.80498380768e-19 1.33001352419922e-18 5.86566568255625e-18 2.40612175355186e-17 9.18037267645565e-17 3.25798209726178e-16 1.07543920367995e-15 3.3019827814088e-15 9.43014456318983e-15 2.50506609062054e-14 6.1898460300627e-14 1.42266514201899e-13 3.0415146975013e-13 6.04844252023596e-13 1.1188334777707e-12 1.92511762269197e-12 3.08120423946681e-12 4.58729208052075e-12 6.35281319757702e-12 8.18371437024009e-12 9.80641412681265e-12 1.0930647471346e-11 1.13333353708228e-11 1.0930647471346e-11 9.80641412681265e-12 8.18371437024009e-12 6.35281319757702e-12 4.58729208052075e-12 3.08120423946681e-12 1.92511762269197e-12 1.1188334777707e-12 6.04844252023596e-13 3.0415146975013e-13 1.42266514201899e-13 6.1898460300627e-14 2.50506609062054e-14 9.43014456318983e-15 3.3019827814088e-15 1.07543920367995e-15 3.25798209726178e-16 9.18037267645565e-17 2.40612175355186e-17 5.86566568255625e-18 1.33001352419922e-18 2.80498380768e-19 5.50220295636672e-20 1.00385524765076e-20 1.70345245630886e-21 2.68849654207354e-22 3.94644008966036e-23
1.74047088852892e-22 1.18568883831513e-21 7.51261730278492e-21 4.42723263279918e-20 2.42659811140277e-19 1.23706240286095e-18 5.86566568255625e-18 2.58689353705883e-17 1.06115505903285e-16 4.04875559395417e-16 1.43684507221812e-15 4.74293435061056e-15 1.45625038639833e-14 4.1589107433438e-14 1.10479178842449e-13 2.72986452981416e-13 6.2742806366079e-13 1.34137796793196e-12 2.66750232823556e-12 4.93431308452744e-12 8.49021169247685e-12 1.35888196920922e-11 2.02310136273037e-11 2.8017368006204e-11 3.60920634745135e-11 4.32485427899782e-11 4.82066705294574e-11 4.99826168260667e-11 4.82066705294574e-11 4.32485427899782e-11 3.60920634745135e-11 2.8017368006204e-11 2.02310136273037e-11 1.35888196920922e-11 8.49021169247685e-12 4.93431308452744e-12 2.66750232823556e-12 1.34137796793196e-12 6.2742806366079e-13 2.72986452981416e-13 1.10479178842449e-13 4.1589107433438e-14 1.45625038639833e-14 4.74293435061056e-15 1.43684507221812e-15 4.04875559395417e-16 1.06115505903285e-16 2.58689353705883e-17 5.86566568255625e-18 1.23706240286095e-18 2.42659811140277e-19 4.42723263279918e-20 7.51261730278492e-21 1.18568883831513e-21 1.74047088852892e-22
7.13948781425969e-22 4.86374754582053e-21 3.08170852152339e-20 1.81607021646185e-19 9.95401173363425e-19 5.07448415765779e-18 2.40612175355186e-17 1.06115505903285e-16 4.35290452884768e-16 1.66081727746584e-15 5.89400141748471e-15 1.94557244382517e-14 5.97360286617003e-14 1.70600340220534e-13 4.53190430402294e-13 1.11980238644848e-12 2.57373739736431e-12 5.50239117441439e-12 1.09422113822565e-11 2.02407683868252e-11 3.48272202186371e-11 5.57419335429765e-11 8.29885039814363e-11 1.1492847067209e-10 1.48051225140325e-10 1.77407416733364e-10 1.97745873877841e-10 2.05030883369806e-10 1.97745873877841e-10 1.77407416733364e-10 1.48051225140325e-10 1.1492847067209e-10 8.29885039814363e-11 5.57419335429765e-11 3.48272202186371e-11 2.02407683868252e-11 1.09422113822565e-11 5.50239117441439e-12 2.57373739736431e-12 1.11980238644848e-12 4.53190430402294e-13 1.70600340220534e-13 5.97360286617003e-14 1.94557244382517e-14 5.89400141748471e-15 1.66081727746584e-15 4.35290452884768e-16 1.06115505903285e-16 2.40612175355186e-17 5.07448415765779e-18 9.95401173363425e-19 1.81607021646185e-19 3.08170852152339e-20 4.86374754582053e-21 7.13948781425969e-22
2.72401671931874e-21 1.85572550553256e-20 1.1758022080982e-19 6.9290763732634e-19 3.79787669537835e-18 1.93613044058556e-17 9.18037267645565e-17 4.04875559395417e-16 1.66081727746584e-15 6.33672071337444e-15 2.24881095431655e-14 7.42318217147225e-14 2.27918227544517e-13 6.50912490044478e-13 1.72911326634026e-12 4.2725199655446e-12 9.81989728668407e-12 2.09939507500803e-11 4.17491667848404e-11 7.72270965816997e-11 1.32880582796821e-10 2.12679064505087e-10 3.16636260524415e-10 4.3850074932717e-10 5.64878074015855e-10 6.76884367457865e-10 7.54484187988473e-10 7.82279581961796e-10 7.54484187988473e-10 6.76884367457865e-10 5.64878074015855e-10 4.3850074932717e-10 3.16636260524415e-10 2.12679064505087e-10 1.32880582796821e-10 7.72270965816997e-11 4.17491667848404e-11 2.09939507500803e-11 9.81989728668407e-12 4.2725199655446e-12 1.72911326634026e-12 6.50912490044478e-13 2.27918227544517e-13 7.42318217147225e-14 2.24881095431655e-14 6.33672071337444e-15 1.66081727746584e-15 4.04875559395417e-16 9.18037267645565e-17 1.93613044058556e-17 3.79787669537835e-18 6.9290763732634e-19 1.1758022080982e-19 1.85572550553256e-20 2.72401671931874e-21
9.66714317267627e-21 6.58570265885038e-20 4.17275276169264e-19 2.45902945013855e-18 1.34781176290193e-17 6.87104819782399e-17 3.25798209726178e-16 1.43684507221812e-15 5.89400141748471e-15 2.24881095431655e-14 7.98070632587665e-14 2.63438048450845e-13 8.08848977214243e-13 2.30999471828385e-12 6.13637404973993e-12 1.51625582626259e-11 3.48494017448952e-11 7.45045088092917e-11 1.48161782483453e-10 2.74067847737771e-10 4.71574058138233e-10 7.5476738149967e-10 1.12369650393184e-09 1.55617603042163e-09 2.00467096177831e-09 2.40216517217196e-09 2.67755576354505e-09 2.77619761518106e-09 2.67755576354505e-09 2.40216517217196e-09 2.00467096177831e-09 1.55617603042163e-09 1.12369650393184e-09 7.5476738149967e-10 4.71574058138233e-10 2.74067847737771e-10 1.48161782483453e-10 7.45045088092917e-11 3.48494017448952e-11 1.51625582626259e-11 6.13637404973993e-12 2.30999471828385e-12 8.08848977214243e-13 2.63438048450845e-13 7.98070632587665e-14 2.24881095431655e-14 5.89400141748471e-15 1.43684507221812e-15 3.25798209726178e-16 6.87104819782399e-17 1.34781176290193e-17 2.45902945013855e-18 4.17275276169264e-19 6.58570265885038e-20 9.66714317267627e-21
3.19106257957061e-20 2.17389863162833e-19 1.37739919165292e-18 8.11710007831286e-18 4.44904104974661e-17 2.26808938223599e-16 1.07543920367995e-15 4.74293435061056e-15 1.94557244382517e-14 7.42318217147225e-14 2.63438048450845e-13 8.69592270881693e-13 2.66995911574751e-12 7.62514589145229e-12 2.02557811078247e-11 5.00506420750877e-11 1.15035662389772e-10 2.45934652899944e-10 4.89072636414197e-10 9.04680563386483e-10 1.55663602321985e-09 2.49143920221605e-09 3.70925081013207e-09 5.13683826669595e-09 6.61729155782393e-09 7.9293947073545e-09 8.83844156349328e-09 9.16405205245854e-09 8.83844156349328e-09 7.9293947073545e-09 6.61729155782393e-09 5.13683826669595e-09 3.70925081013207e-09 2.49143920221605e-09 1.55663602321985e-09 9.04680563386483e-10 4.89072636414197e-10 2.45934652899944e-10 1.15035662389772e-10 5.00506420750877e-11 2.02557811078247e-11 7.62514589145229e-12 2.66995911574751e-12 8.69592270881693e-13 2.63438048450845e-13 7.42318217147225e-14 1.94557244382517e-14 4.74293435061056e-15 1.07543920367995e-15 2.26808938223599e-16 4.44904104974661e-17 8.11710007831286e-18 1.37739919165292e-18 2.17389863162833e-19 3.19106257957061e-20
9.79770279536496e-20 6.67464588012278e-19 4.22910788299462e-18 2.49223987760981e-17 1.36601463753372e-16 6.96384515388018e-16 3.3019827814088e-15 1.45625038639833e-14 5.97360286617003e-14 2.27918227544517e-13 8.08848977214243e-13 2.66995911574751e-12 8.19772888797109e-12 2.34119235686693e-11 6.21924886252589e-11 1.53673362255053e-10 3.53200604143147e-10 7.55107296115491e-10 1.50162781752048e-09 2.77769271638565e-09 4.77942902583852e-09 7.64960893976536e-09 1.13887258945674e-08 1.57719296911178e-08 2.03174504971822e-08 2.43460761901614e-08 2.71371749860701e-08 2.81369155798019e-08 2.71371749860701e-08 2.43460761901614e-08 2.03174504971822e-08 1.57719296911178e-08 1.13887258945674e-08 7.64960893976536e-09 4.77942902583852e-09 2.77769271638565e-09 1.50162781752048e-09 7.55107296115491e-10 3.53200604143147e-10 1.53673362255053e-10 6.21924886252589e-11 2.34119235686693e-11 8.19772888797109e-12 2.66995911574751e-12 8.08848977214243e-13 2.27918227544517e-13 5.97360286617003e-14 1.45625038639833e-14 3.3019827814088e-15 6.96384515388018e-16 1.36601463753372e-16 2.49223987760981e-17 4.22910788299462e-18 6.67464588012278e-19 9.79770279536496e-20
2.79812948352325e-19 1.90621453001044e-18 1.20779244926739e-17 7.11759687674076e-17 3.90120614192917e-16 1.98880705515795e-15 9.43014456318983e-15 4.1589107433438e-14 1.70600340220534e-13 6.50912490044478e-13 2.30999471828385e-12 7.62514589145229e-12 2.34119235686693e-11 6.68621971616421e-11 1.77615753111379e-10 4.3887631084445e-10 1.00870688230991e-09 2.1565136569399e-09 4.28850431294003e-09 7.9328226710075e-09 1.36495886341155e-08 2.18465458269529e-08 3.25251034563216e-08 4.50431110256274e-08 5.80246803292342e-08 6.95300470106336e-08 7.75011561526183e-08 8.03563189286511e-08 7.75011561526183e-08 6.95300470106336e-08 5.80246803292342e-08 4.50431110256274e-08 3.25251034563216e-08 2.18465458269529e-08 1.36495886341155e-08 7.9328226710075e-09 4.28850431294003e-09 2.1565136569399e-09 1.00870688230991e-09 4.3887631084445e-10 1.77615753111379e-10 6.68621971616421e-11 2.34119235686693e-11 7.62514589145229e-12 2.30999471828385e-12 6.50912490044478e-13 1.70600340220534e-13 4.1589107433438e-14 9.43014456318983e-15 1.98880705515795e-15 3.90120614192917e-16 7.11759687674076e-17 1.20779244926739e-17 1.90621453001044e-18 2.79812948352325e-19
7.43307723372654e-19 5.06375416472094e-18 3.20843428103698e-17 1.89075050368037e-16 1.03633397698005e-15 5.28315666984625e-15 2.50506609062054e-14 1.10479178842449e-13 4.53190430402294e-13 1.72911326634026e-12 6.13637404973993e-12 2.02557811078247e-11 6.21924886252589e-11 1.77615753111379e-10 4.71826489294922e-10 1.1658508063223e-09 2.67957441088832e-09 5.72866004307879e-09 1.13921760815426e-08 2.10731075678491e-08 3.62593822492538e-08 5.80341486618476e-08 8.6401150286073e-08 1.19654549609775e-07 1.54139375210907e-07 1.84702749654002e-07 2.05877563128406e-07 2.13462146170071e-07 2.05877563128406e-07 1.84702749654002e-07 1.54139375210907e-07 1.19654549609775e-07 8.6401150286073e-08 5.80341486618476e-08 3.62593822492538e-08 2.10731075678491e-08 1.13921760815426e-08 5.72866004307879e-09 2.67957441088832e-09 1.1658508063223e-09 4.71826489294922e-10 1.77615753111379e-10 6.21924886252589e-11 2.02557811078247e-11 6.13637404973993e-12 1.72911326634026e-12 4.53190430402294e-13 1.10479178842449e-13 2.50506609062054e-14 5.28315666984625e-15 1.03633397698005e-15 1.89075050368037e-16 3.20843428103698e-17 5.06375416472094e-18 7.43307723372654e-19
1.83666226526321e-18 1.2512188293582e-17 7.92782045613588e-17 4.67191446280203e-16 2.56070998575533e-15 1.305431679487e-14 6.1898460300627e-14 2.72986452981416e-13 1.11980238644848e-12 4.2725199655446e-12 1.51625582626259e-11 5.00506420750877e-11 1.53673362255053e-10 4.3887631084445e-10 1.1658508063223e-09 2.88073716385338e-09 6.6210440880568e-09 1.41551249917108e-08 2.81492836281393e-08 5.2070199548158e-08 8.95944398866033e-08 1.43398390185235e-07 2.13491300326779e-07 2.95658163133549e-07 3.80867795583483e-07 4.56387791910226e-07 5.08709299758904e-07 5.27450282843506e-07 5.08709299758904e-07 4.56387791910226e-07 3.80867795583483e-07 2.95658163133549e-07 2.13491300326779e-07 1.43398390185235e-07 8.95944398866033e-08 5.2070199548158e-08 2.81492836281393e-08 1.41551249917108e-08 6.6210440880568e-09 2.88073716385338e-09 1.1658508063223e-09 4.3887631084445e-10 1.53673362255053e-10 5.00506420750877e-11 1.51625582626259e-11 4.2725199655446e-12 1.11980238644848e-12 2.72986452981416e-13 6.1898460300627e-14 1.305431679487e-14 2.56070998575533e-15 4.67191446280203e-16 7.92782045613588e-17 1.2512188293582e-17 1.83666226526321e-18
4.22135763920632e-18 2.87578302419856e-17 1.82211863758029e-16 1.07378597471438e-15 5.88549831104143e-15 3.0003850445932e-14 1.42266514201899e-13 6.2742806366079e-13 2.57373739736431e-12 9.81989728668407e-12 3.48494017448952e-11 1.15035662389772e-10 3.53200604143147e-10 1.00870688230991e-09 2.67957441088832e-09 6.6210440880568e-09 1.52177107186524e-08 3.253393187621e-08 6.46979010399617e-08 1.19677383694772e-07 2.05922547873288e-07 3.29584758889562e-07 4.90685276538519e-07 6.79536390082395e-07 8.75380960790631e-07 1.04895501380851e-06 1.16921000081896e-06 1.21228400174263e-06 1.16921000081896e-06 1.04895501380851e-06 8.75380960790631e-07 6.79536390082395e-07 4.90685276538519e-07 3.29584758889562e-07 2.05922547873288e-07 1.19677383694772e-07 6.46979010399617e-08 3.253393187621e-08 1.52177107186524e-08 6.6210440880568e-09 2.67957441088832e-09 1.00870688230991e-09 3.53200604143147e-10 1.15035662389772e-10 3.48494017448952e-11 9.81989728668407e-12 2.57373739736431e-12 6.2742806366079e-13 1.42266514201899e-13 3.0003850445932e-14 5.88549831104143e-15 1.07378597471438e-15 1.82211863758029e-16 2.87578302419856e-17 4.22135763920632e-18
9.02483720437146e-18 6.14813428443999e-17 3.89550601410428e-16 2.29564619783237e-15 1.25826022487255e-14 6.41452084665717e-14 3.0415146975013e-13 1.34137796793196e-12 5.50239117441439e-12 2.09939507500803e-11 7.45045088092917e-11 2.45934652899944e-10 7.55107296115491e-10 2.1565136569399e-09 5.72866004307879e-09 1.41551249917108e-08 3.253393187621e-08 6.95542675830021e-08 1.38317592171596e-07 2.55858185257548e-07 4.40241654487067e-07 7.04618998967252e-07 1.04903566999709e-06 1.45278031834633e-06 1.87147627331265e-06 2.24256010587885e-06 2.49965314881448e-06 2.59174102179322e-06 2.49965314881448e-06 2.24256010587885e-06 1.87147627331265e-06 1.45278031834633e-06 1.04903566999709e-06 7.04618998967252e-07 4.40241654487067e-07 2.55858185257548e-07 1.38317592171596e-07 6.95542675830021e-08 3.253393187621e-08 1.41551249917108e-08 5.72866004307879e-09 2.1565136569399e-09 7.55107296115491e-10 2.45934652899944e-10 7.45045088092917e-11 2.09939507500803e-11 5.50239117441439e-12 1.34137796793196e-12 3.0415146975013e-13 6.41452084665717e-14 1.25826022487255e-14 2.29564619783237e-15 3.89550601410428e-16 6.14813428443999e-17 9.02483720437146e-18
1.79470476108407e-17 1.22263544728807e-16 7.74671390965163e-16 4.56518723575275e-15 2.50221202346748e-14 1.27560983570899e-13 6.04844252023596e-13 2.66750232823556e-12 1.09422113822565e-11 4.17491667848404e-11 1.48161782483453e-10 4.89072636414197e-10 1.50162781752048e-09 4.28850431294003e-09 1.13921760815426e-08 2.81492836281393e-08 6.46979010399617e-08 1.38317592171596e-07 2.75062292638149e-07 5.08806854733767e-07 8.75477058968729e-07 1.40122535571531e-06 2.08614213071771e-06 2.88904020660059e-06 3.72167087550696e-06 4.45961872540866e-06 4.97088125319661e-06 5.15400981311457e-06 4.97088125319661e-06 4.45961872540866e-06 3.72167087550696e-06 2.88904020660059e-06 2.08614213071771e-06 1.40122535571531e-06 8.75477058968729e-07 5.08806854733767e-07 2.75062292638149e-07 1.38317592171596e-07 6.46979010399617e-08 2.81492836281393e-08 1.13921760815426e-08 4.28850431294003e-09 1.50162781752048e-09 4.89072636414197e-10 1.48161782483453e-10 4.17491667848404e-11 1.09422113822565e-11 2.66750232823556e-12 6.04844252023596e-13 1.27560983570899e-13 2.50221202346748e-14 4.56518723575275e-15 7.74671390965163e-16 1.22263544728807e-16 1.79470476108407e-17
3.31982285141564e-17 2.26161605232826e-16 1.43297763611583e-15 8.44462734755793e-15 4.62856110638309e-14 2.35960742619263e-13 1.1188334777707e-12 4.93431308452744e-12 2.02407683868252e-11 7.72270965816997e-11 2.74067847737771e-10 9.04680563386483e-10 2.77769271638565e-09 7.9328226710075e-09 2.10731075678491e-08 5.2070199548158e-08 1.19677383694772e-07 2.55858185257548e-07 5.08806854733767e-07 9.41184678354429e-07 1.61944672420602e-06 2.59196947417514e-06 3.85892012270264e-06 5.34411113432261e-06 6.88430113178781e-06 8.24934801213202e-06 9.19507516437833e-06 9.53382412807711e-06 9.19507516437833e-06 8.24934801213202e-06 6.88430113178781e-06 5.34411113432261e-06 3.85892012270264e-06 2.59196947417514e-06 1.61944672420602e-06 9.41184678354429e-07 5.08806854733767e-07 2.55858185257548e-07 1.19677383694772e-07 5.2070199548158e-08 2.10731075678491e-08 7.9328226710075e-09 2.77769271638565e-09 9.04680563386483e-10 2.74067847737771e-10 7.72270965816997e-11 2.02407683868252e-11 4.93431308452744e-12 1.1188334777707e-12 2.35960742619263e-13 4.62856110638309e-14 8.44462734755793e-15 1.43297763611583e-15 2.26161605232826e-16 3.31982285141564e-17
5.71224369171546e-17 3.89144319025506e-16 2.46564887002375e-15 1.45302238866167e-14 7.96412042599863e-14 4.06005176735447e-13 1.92511762269197e-12 8.49021169247685e-12 3.48272202186371e-11 1.32880582796821e-10 4.71574058138233e-10 1.55663602321985e-09 4.77942902583852e-09 1.36495886341155e-08 3.62593822492538e-08 8.95944398866033e-08 2.05922547873288e-07 4.40241654487067e-07 8.75477058968729e-07 1.61944672420602e-06 2.78649637298279e-06 4.45986486045857e-06 6.63983986926964e-06 9.19532953447904e-06 1.18454530473382e-05 1.41942170567844e-05 1.58214797756971e-05 1.64043472109695e-05 1.58214797756971e-05 1.41942170567844e-05 1.18454530473382e-05 9.19532953447904e-06 6.63983986926964e-06 4.45986486045857e-06 2.78649637298279e-06 1.61944672420602e-06 8.75477058968729e-07 4.40241654487067e-07 2.05922547873288e-07 8.95944398866033e-08 3.62593822492538e-08 1.36495886341155e-08 4.77942902583852e-09 1.55663602321985e-09 4.71574058138233e-10 1.32880582796821e-10 3.48272202186371e-11 8.49021169247685e-12 1.92511762269197e-12 4.06005176735447e-13 7.96412042599863e-14 1.45302238866167e-14 2.46564887002375e-15 3.89144319025506e-16 5.71224369171546e-17
9.14260472831243e-17 6.2283629395546e-16 3.94633951806554e-15 2.32560270147238e-14 1.27467960040266e-13 6.49822565154967e-13 3.08120423946681e-12 1.35888196920922e-11 5.57419335429765e-11 2.12679064505087e-10 7.5476738149967e-10 2.49143920221605e-09 7.64960893976536e-09 2.18465458269529e-08 5.80341486618476e-08 1.43398390185235e-07 3.29584758889562e-07 7.04618998967252e-07 1.40122535571531e-06 2.59196947417514e-06 4.45986486045857e-06 7.13813761482185e-06 1.06272481813169e-05 1.47173803880681e-05 1.89589766971363e-05 2.27182387485079e-05 2.5322717939358e-05 2.62556134629558e-05 2.5322717939358e-05 2.27182387485079e-05 1.89589766971363e-05 1.47173803880681e-05 1.06272481813169e-05 7.13813761482185e-06 4.45986486045857e-06 2.59196947417514e-06 1.40122535571531e-06 7.04618998967252e-07 3.29584758889562e-07 1.43398390185235e-07 5.80341486618476e-08 2.18465458269529e-08 7.64960893976536e-09 2.49143920221605e-09 7.5476738149967e-10 2.12679064505087e-10 5.57419335429765e-11 1.35888196920922e-11 3.08120423946681e-12 6.49822565154967e-13 1.27467960040266e-13 2.32560270147238e-14 3.94633951806554e-15 6.2283629395546e-16 9.14260472831243e-17
1.36114957029842e-16 9.27277705945644e-16 5.87530413803429e-15 3.4623536856966e-14 1.89774100698379e-13 9.67454824544477e-13 4.58729208052075e-12 2.02310136273037e-11 8.29885039814363e-11 3.16636260524415e-10 1.12369650393184e-09 3.70925081013207e-09 1.13887258945674e-08 3.25251034563216e-08 8.6401150286073e-08 2.13491300326779e-07 4.90685276538519e-07 1.04903566999709e-06 2.08614213071771e-06 3.85892012270264e-06 6.63983986926964e-06 1.06272481813169e-05 1.58218305672329e-05 2.19112130365883e-05 2.82260950259502e-05 3.38228785224715e-05 3.77004230919075e-05 3.90893164968101e-05 3.77004230919075e-05 3.38228785224715e-05 2.82260950259502e-05 2.19112130365883e-05 1.58218305672329e-05 1.06272481813169e-05 6.63983986926964e-06 3.85892012270264e-06 2.08614213071771e-06 1.04903566999709e-06 4.90685276538519e-07 2.13491300326779e-07 8.6401150286073e-08 3.25251034563216e-08 1.13887258945674e-08 3.70925081013207e-09 1.12369650393184e-09 3.16636260524415e-10 8.29885039814363e-11 2.02310136273037e-11 4.58729208052075e-12 9.67454824544477e-13 1.89774100698379e-13 3.4623536856966e-14 5.87530413803429e-15 9.27277705945644e-16 1.36114957029842e-16
1.88501817679908e-16 1.28416110087363e-15 8.13654526738703e-15 4.79491730700432e-14 2.62812873109687e-13 1.33980127481397e-12 6.35281319757702e-12 2.8017368006204e-11 1.1492847067209e-10 4.3850074932717e-10 1.55617603042163e-09 5.13683826669595e-09 1.57719296911178e-08 4.50431110256274e-08 1.19654549609775e-07 2.95658163133549e-07 6.79536390082395e-07 1.45278031834633e-06 2.88904020660059e-06 5.34411113432261e-06 9.19532953447904e-06 1.47173803880681e-05 2.19112130365883e-05 3.03442294300035e-05 3.9089533835954e-05 4.68403636145203e-05 5.22102672270475e-05 5.41337070686396e-05 5.22102672270475e-05 4.68403636145203e-05 3.9089533835954e-05 3.03442294300035e-05 2.19112130365883e-05 1.47173803880681e-05 9.19532953447904e-06 5.34411113432261e-06 2.88904020660059e-06 1.45278031834633e-06 6.79536390082395e-07 2.95658163133549e-07 1.19654549609775e-07 4.50431110256274e-08 1.57719296911178e-08 5.13683826669595e-09 1.55617603042163e-09 4.3850074932717e-10 1.1492847067209e-10 2.8017368006204e-11 6.35281319757702e-12 1.33980127481397e-12 2.62812873109687e-13 4.79491730700432e-14 8.13654526738703e-15 1.28416110087363e-15 1.88501817679908e-16
2.42828647118384e-16 1.65426045565627e-15 1.04815237530077e-14 6.17682787908993e-14 3.38556387455584e-13 1.72593630647647e-12 8.18371437024009e-12 3.60920634745135e-11 1.48051225140325e-10 5.64878074015855e-10 2.00467096177831e-09 6.61729155782393e-09 2.03174504971822e-08 5.80246803292342e-08 1.54139375210907e-07 3.80867795583483e-07 8.75380960790631e-07 1.87147627331265e-06 3.72167087550696e-06 6.88430113178781e-06 1.18454530473382e-05 1.89589766971363e-05 2.82260950259502e-05 3.9089533835954e-05 5.03552630669658e-05 6.03399068881205e-05 6.72574339731928e-05 6.97352153563968e-05 6.72574339731928e-05 6.03399068881205e-05 5.03552630669658e-05 3.9089533835954e-05 2.82260950259502e-05 1.89589766971363e-05 1.18454530473382e-05 6.88430113178781e-06 3.72167087550696e-06 1.87147627331265e-06 8.75380960790631e-07 3.80867795583483e-07 1.54139375210907e-07 5.80246803292342e-08 2.03174504971822e-08 6.61729155782393e-09 2.00467096177831e-09 5.64878074015855e-10 1.48051225140325e-10 3.60920634745135e-11 8.18371437024009e-12 1.72593630647647e-12 3.38556387455584e-13 6.17682787908993e-14 1.04815237530077e-14 1.65426045565627e-15 2.42828647118384e-16
2.90977686630412e-16 1.98227386341432e-15 1.25598423835266e-14 7.40159412120596e-14 4.05686707827963e-13 2.06816188983306e-12 9.80641412681265e-12 4.32485427899782e-11 1.77407416733364e-10 6.76884367457865e-10 2.40216517217196e-09 7.9293947073545e-09 2.43460761901614e-08 6.95300470106336e-08 1.84702749654002e-07 4.56387791910226e-07 1.04895501380851e-06 2.24256010587885e-06 4.45961872540866e-06 8.24934801213202e-06 1.41942170567844e-05 2.27182387485079e-05 3.38228785224715e-05 4.68403636145203e-05 6.03399068881205e-05 7.2304345991106e-05 8.05935081319972e-05 8.35625939602814e-05 8.05935081319972e-05 7.2304345991106e-05 6.03399068881205e-05 4.68403636145203e-05 3.38228785224715e-05 2.27182387485079e-05 1.41942170567844e-05 8.24934801213202e-06 4.45961872540866e-06 2.24256010587885e-06 1.04895501380851e-06 4.56387791910226e-07 1.84702749654002e-07 6.95300470106336e-08 2.43460761901614e-08 7.9293947073545e-09 2.40216517217196e-09 6.76884367457865e-10 1.77407416733364e-10 4.32485427899782e-11 9.80641412681265e-12 2.06816188983306e-12 4.05686707827963e-13 7.40159412120596e-14 1.25598423835266e-14 1.98227386341432e-15 2.90977686630412e-16
3.24336140963954e-16 2.20952700063948e-15 1.39997360517978e-14 8.25013251721455e-14 4.52195708822233e-13 2.30526145837831e-12 1.0930647471346e-11 4.82066705294574e-11 1.97745873877841e-10 7.54484187988473e-10 2.67755576354505e-09 8.83844156349328e-09 2.71371749860701e-08 7.75011561526183e-08 2.05877563128406e-07 5.08709299758904e-07 1.16921000081896e-06 2.49965314881448e-06 4.97088125319661e-06 9.19507516437833e-06 1.58214797756971e-05 2.5322717939358e-05 3.77004230919075e-05 5.22102672270475e-05 6.72574339731928e-05 8.05935081319972e-05 8.98329618225338e-05 9.31424315309777e-05 8.98329618225338e-05 8.05935081319972e-05 6.72574339731928e-05 5.22102672270475e-05 3.77004230919075e-05 2.5322717939358e-05 1.58214797756971e-05 9.19507516437833e-06 4.97088125319661e-06 2.49965314881448e-06 1.16921000081896e-06 5.08709299758904e-07 2.05877563128406e-07 7.75011561526183e-08 2.71371749860701e-08 8.83844156349328e-09 2.67755576354505e-09 7.54484187988473e-10 1.97745873877841e-10 4.82066705294574e-11 1.0930647471346e-11 2.30526145837831e-12 4.52195708822233e-13 8.25013251721455e-14 1.39997360517978e-14 2.20952700063948e-15 3.24336140963954e-16
3.36284768862857e-16 2.29092655076287e-15 1.45154899738511e-14 8.55406954770352e-14 4.6885471649908e-13 2.39018789085661e-12 1.13333353708228e-11 4.99826168260667e-11 2.05030883369806e-10 7.82279581961796e-10 2.77619761518106e-09 9.16405205245854e-09 2.81369155798019e-08 8.03563189286511e-08 2.13462146170071e-07 5.27450282843506e-07 1.21228400174263e-06 2.59174102179322e-06 5.15400981311457e-06 9.53382412807711e-06 1.64043472109695e-05 2.62556134629558e-05 3.90893164968101e-05 5.41337070686396e-05 6.97352153563968e-05 8.35625939602814e-05 9.31424315309777e-05 9.65738229653551e-05 9.31424315309777e-05 8.35625939602814e-05 6.97352153563968e-05 5.41337070686396e-05 3.90893164968101e-05 2.62556134629558e-05 1.64043472109695e-05 9.53382412807711e-06 5.15400981311457e-06 2.59174102179322e-06 1.21228400174263e-06 5.27450282843506e-07 2.13462146170071e-07 8.03563189286511e-08 2.81369155798019e-08 9.16405205245854e-09 2.77619761518106e-09 7.82279581961796e-10 2.05030883369806e-10 4.99826168260667e-11 1.13333353708228e-11 2.39018789085661e-12 4.6885471649908e-13 8.55406954770352e-14 1.45154899738511e-14 2.29092655076287e-15 3.36284768862857e-16
3.24336140963954e-16 2.20952700063948e-15 1.39997360517978e-14 8.25013251721455e-14 4.52195708822233e-13 2.30526145837831e-12 1.0930647471346e-11 4.82066705294574e-11 1.97745873877841e-10 7.54484187988473e-10 2.67755576354505e-09 8.83844156349328e-09 2.71371749860701e-08 7.75011561526183e-08 2.05877563128406e-07 5.08709299758904e-07 1.16921000081896e-06 2.49965314881448e-06 4.97088125319661e-06 9.19507516437833e-06 1.58214797756971e-05 2.5322717939358e-05 3.77004230919075e-05 5.22102672270475e-05 6.72574339731928e-05 8.05935081319972e-05 8.98329618225338e-05 9.31424315309777e-05 8.98329618225338e-05 8.05935081319972e-05 6.72574339731928e-05 5.22102672270475e-05 3.77004230919075e-05 2.5322717939358e-05 1.58214797756971e-05 9.19507516437833e-06 4.97088125319661e-06 2.49965314881448e-06 1.16921000081896e-06 5.08709299758904e-07 2.05877563128406e-07 7.75011561526183e-08 2.71371749860701e-08 8.83844156349328e-09 2.67755576354505e-09 7.54484187988473e-10 1.97745873877841e-10 4.82066705294574e-11 1.0930647471346e-11 2.30526145837831e-12 4.52195708822233e-13 8.25013251721455e-14 1.39997360517978e-14 2.20952700063948e-15 3.24336140963954e-16
2.90977686630412e-16 1.98227386341432e-15 1.25598423835266e-14 7.40159412120596e-14 4.05686707827963e-13 2.06816188983306e-12 9.80641412681265e-12 4.32485427899782e-11 1.77407416733364e-10 6.76884367457865e-10 2.40216517217196e-09 7.9293947073545e-09 2.43460761901614e-08 6.95300470106336e-08 1.84702749654002e-07 4.56387791910226e-07 1.04895501380851e-06 2.24256010587885e-06 4.45961872540866e-06 8.24934801213202e-06 1.41942170567844e-05 2.27182387485079e-05 3.38228785224715e-05 4.68403636145203e-05 6.03399068881205e-05 7.2304345991106e-05 8.05935081319972e-05 8.35625939602814e-05 8.05935081319972e-05 7.2304345991106e-05 6.03399068881205e-05 4.68403636145203e-05 3.38228785224715e-05 2.27182387485079e-05 1.41942170567844e-05 8.24934801213202e-06 4.45961872540866e-06 2.24256010587885e-06 1.04895501380851e-06 4.56387791910226e-07 1.84702749654002e-07 6.95300470106336e-08 2.43460761901614e-08 7.9293947073545e-09 2.40216517217196e-09 6.76884367457865e-10 1.77407416733364e-10 4.32485427899782e-11 9.80641412681265e-12 2.06816188983306e-12 4.05686707827963e-13 7.40159412120596e-14 1.25598423835266e-14 1.98227386341432e-15 2.90977686630412e-16
2.42828647118384e-16 1.65426045565627e-15 1.04815237530077e-14 6.17682787908993e-14 3.38556387455584e-13 1.72593630647647e-12 8.18371437024009e-12 3.60920634745135e-11 1.48051225140325e-10 5.64878074015855e-10 2.00467096177831e-09 6.61729155782393e-09 2.03174504971822e-08 5.80246803292342e-08 1.54139375210907e-07 3.80867795583483e-07 8.75380960790631e-07 1.87147627331265e-06 3.72167087550696e-06 6.88430113178781e-06 1.18454530473382e-05 1.89589766971363e-05 2.82260950259502e-05 3.9089533835954e-05 5.03552630669658e-05 6.03399068881205e-05 6.72574339731928e-05 6.97352153563968e-05 6.72574339731928e-05 6.03399068881205e-05 5.03552630669658e-05 3.9089533835954e-05 2.82260950259502e-05 1.89589766971363e-05 1.18454530473382e-05 6.88430113178781e-06 3.72167087550696e-06 1.87147627331265e-06 8.75380960790631e-07 3.80867795583483e-07 1.54139375210907e-07 5.80246803292342e-08 2.03174504971822e-08 6.61729155782393e-09 2.00467096177831e-09 5.64878074015855e-10 1.48051225140325e-10 3.60920634745135e-11 8.18371437024009e-12 1.72593630647647e-12 3.38556387455584e-13 6.17682787908993e-14 1.04815237530077e-14 1.65426045565627e-15 2.42828647118384e-16
1.88501817679908e-16 1.28416110087363e-15 8.13654526738703e-15 4.79491730700432e-14 2.62812873109687e-13 1.33980127481397e-12 6.35281319757702e-12 2.8017368006204e-11 1.1492847067209e-10 4.3850074932717e-10 1.55617603042163e-09 5.13683826669595e-09 1.57719296911178e-08 4.50431110256274e-08 1.19654549609775e-07 2.95658163133549e-07 6.79536390082395e-07 1.45278031834633e-06 2.88904020660059e-06 5.34411113432261e-06 9.19532953447904e-06 1.47173803880681e-05 2.19112130365883e-05 3.03442294300035e-05 3.9089533835954e-05 4.68403636145203e-05 5.22102672270475e-05 5.41337070686396e-05 5.22102672270475e-05 4.68403636145203e-05 3.9089533835954e-05 3.03442294300035e-05 2.19112130365883e-05 1.47173803880681e-05 9.19532953447904e-06 5.34411113432261e-06 2.88904020660059e-06 1.45278031834633e-06 6.79536390082395e-07 2.95658163133549e-07 1.19654549609775e-07 4.50431110256274e-08 1.57719296911178e-08 5.13683826669595e-09 1.55617603042163e-09 4.3850074932717e-10 1.1492847067209e-10 2.8017368006204e-11 6.35281319757702e-12 1.33980127481397e-12 2.62812873109687e-13 4.79491730700432e-14 8.13654526738703e-15 1.28416110087363e-15 1.88501817679908e-16
1.36114957029842e-16 9.27277705945644e-16 5.87530413803429e-15 3.4623536856966e-14 1.89774100698379e-13 9.67454824544477e-13 4.58729208052075e-12 2.02310136273037e-11 8.29885039814363e-11 3.16636260524415e-10 1.12369650393184e-09 3.70925081013207e-09 1.13887258945674e-08 3.25251034563216e-08 8.6401150286073e-08 2.13491300326779e-07 4.90685276538519e-07 1.04903566999709e-06 2.08614213071771e-06 3.85892012270264e-06 6.63983986926964e-06 1.06272481813169e-05 1.58218305672329e-05 2.19112130365883e-05 2.82260950259502e-05 3.38228785224715e-05 3.77004230919075e-05 3.90893164968101e-05 3.77004230919075e-05 3.38228785224715e-05 2.82260950259502e-05 2.19112130365883e-05 1.58218305672329e-05 1.06272481813169e-05 6.63983986926964e-06 3.85892012270264e-06 2.08614213071771e-06 1.04903566999709e-06 4.90685276538519e-07 2.13491300326779e-07 8.6401150286073e-08 3.25251034563216e-08 1.13887258945674e-08 3.70925081013207e-09 1.12369650393184e-09 3.16636260524415e-10 8.29885039814363e-11 2.02310136273037e-11 4.58729208052075e-12 9.67454824544477e-13 1.89774100698379e-13 3.4623536856966e-14 5.87530413803429e-15 9.27277705945644e-16 1.36114957029842e-16
9.14260472831243e-17 6.2283629395546e-16 3.94633951806554e-15 2.32560270147238e-14 1.27467960040266e-13 6.49822565154967e-13 3.08120423946681e-12 1.35888196920922e-11 5.57419335429765e-11 2.12679064505087e-10 7.5476738149967e-10 2.49143920221605e-09 7.64960893976536e-09 2.18465458269529e-08 5.80341486618476e-08 1.43398390185235e-07 3.29584758889562e-07 7.04618998967252e-07 1.40122535571531e-06 2.59196947417514e-06 4.45986486045857e-06 7.13813761482185e-06 1.06272481813169e-05 1.47173803880681e-05 1.89589766971363e-05 2.27182387485079e-05 2.5322717939358e-05 2.62556134629558e-05 2.5322717939358e-05 2.27182387485079e-05 1.89589766971363e-05 1.47173803880681e-05 1.06272481813169e-05 7.13813761482185e-06 4.45986486045857e-06 2.59196947417514e-06 1.40122535571531e-06 7.04618998967252e-07 3.29584758889562e-07 1.43398390185235e-07 5.80341486618476e-08 2.18465458269529e-08 7.64960893976536e-09 2.49143920221605e-09 7.5476738149967e-10 2.12679064505087e-10 5.57419335429765e-11 1.35888196920922e-11 3.08120423946681e-12 6.49822565154967e-13 1.27467960040266e-13 2.32560270147238e-14 3.94633951806554e-15 6.2283629395546e-16 9.14260472831243e-17
